18340
42
57860
34894
4220
34827
42105
51696
12917
14982
35067
13944
34879
36690
39062
27435
51085
32153
63536
48542
42953
14772
26481
946
2756
18191
29731
30304
40543
34908
31798
36753
46933
53951
25985
17736
27844
52389
14771
18619
43892
54343
15162
26027
60925
28133
13585
59588
1365
17260
42964
10823
19166
6198
31379
18346
15258
39067
12685
31536
51762
36838
39126
52723
15633
38102
51424
32724
42359
32350
28547
2940
32225
7555
7540
13087
51316
36513
50786
51109
47749
35281
46492
38663
10279
6330
33345
2755
9024
64690
24795
56342
43987
27828
58667
62473
38120
2984
31271
6310
31018
34548
42952
43593
32283
65489
37580
6897
53976
39183
57850
22840
4706
29700
35640
30764
40689
23419
43272
63533
30399
61398
54019
14917
6403
36269
482
35433
42398
25837
34317
29956
10706
25481
18016
42099
57930
8427
24699
39578
23798
57389
25723
17689
46653
56281
4067
40694
29415
18311
28382
31752
40182
2024
15371
55376
7225
57658
52834
60204
46389
27860
48622
4814
33026
16574
1086
60214
2240
26213
57344
31803
54703
10183
21763
65276
15885
53945
11990
58409
25811
57691
58549
19603
53631
55904
21946
19446
9123
42272
50330
1629
17925
16766
48827
59787
7467
11213
13178
2397
5975
56941
12884
36579
48768
7887
55685
31128
39447
10136
32439
57235
21602
30325
6417
53329
24720
34699
17224
56554
55594
11093
42451
41820
11494
19313
22763
6259
34790
55460
29794
26607
62424
36222
62493
19422
34815
3768
48151
38549
62859
29170
35339
11414
27365
7671
13713
57654
31711
27332
46612
4257
9077
5089
63620
40782
24652
64284
55663
24952
38188
31998
23441
12246
5469
41247
62174
59641
55138
16339
325
54128
37420
8642
14507
48053
53010
36412
52619
27856
10366
28589
21331
58135
53223
31667
55075
43141
109
52041
45988
61773
35744
16507
35066
18575
44718
34715
25387
22484
46333
37542
3940
45928
7403
5249
55859
45337
25031
51058
56727
29042
50630
35943
56001
11422
26022
41086
36856
63209
6242
2201
3139
62582
38349
49598
45056
62413
45479
27835
6103
45603
9157
52804
59105
26216
64401
12058
20855
20513
973
4918
64550
55387
44336
57555
36441
46243
41367
31119
38379
33122
38984
56833
42324
31054
64616
12422
4228
34344
11163
39809
14891
37632
41427
9133
60312
11505
4952
31976
57585
29672
58518
55597
15119
44262
27454
64194
23293
29052
7015
50603
16988
12355
2146
9793
43811
7953
43414
31940
57592
48324
31410
17633
790
56623
4581
26147
48926
63747
34964
21422
6199
5327
23046
51358
14884
12460
4440
48952
16947
29999
37767
3560
59378
36021
30014
33375
57900
4586
29990
6842
10612
12285
56397
11132
62813
28267
36320
30853
44062
52233
63316
64659
25195
23304
49454
55052
60102
19637
8371
30881
33998
1855
27184
7559
46698
27934
5330
13601
46609
54261
47579
56341
36803
25361
54378
46167
6352
16306
41557
28586
8866
20928
42240
25114
46509
48673
59410
37841
33904
57247
36396
35341
3751
27508
49001
28364
61295
7822
9377
17285
43406
21331
45996
24064
38010
61639
60932
56474
46715
29320
29437
59836
50535
14372
11007
17182
58253
45453
32873
20662
10833
26822
24370
18281
41801
54693
48128
3291
60519
35624
32991
23102
42852
52524
9986
35913
49412
21788
21618
37958
5591
52041
18497
6799
34865
50264
6743
27337
2686
24110
7009
40846
49627
36978
24482
29368
19368
2690
33687
27279
30026
56713
29837
63536
46163
64956
53502
47472
18107
54254
50641
65009
47868
6253
1462
3325
24350
9362
6225
28048
43077
59612
11870
42193
31313
3329
28845
56912
33998
11617
20380
44631
59501
8503
17058
24033
33285
7518
8378
52169
36597
64675
24156
4990
42455
1751
2471
39230
65267
65281
62487
27440
52594
50679
41154
48947
34143
25867
61621
46099
44947
15107
13137
62222
45915
24586
59432
49660
25351
10901
47500
65426
15383
19154
48344
12251
4692
58139
62862
36936
11891
48573
13660
21920
61896
39399
25254
1091
32939
3730
48181
57766
16714
45408
2253
64982
40099
48273
38751
19146
8115
277
15941
48655
7081
25587
65517
64948
14745
51145
57246
39967
10414
6059
41976
15635
59831
9903
36003
4609
4193
27437
18334
10671
13683
58483
1789
59633
24235
2434
27618
19621
11306
48591
58742
2466
35173
29187
7311
19255
37938
47289
27967
21817
36948
22123
18574
8431
31947
50801
34963
46456
10958
8491
21055
23052
16500
32771
32933
17308
4995
24098
55236
19833
48961
61434
22193
65254
49995
6960
3420
17091
7492
11089
22163
3282
29703
55617
26156
50629
7455
62201
50001
58969
38123
20931
45598
10000
17216
46699
19558
9959
61875
10158
18870
19774
19058
5914
20682
60107
44723
38532
23295
34986
5825
31699
54008
52294
58287
21757
60654
4173
16332
23114
26490
38808
4082
11325
47330
11195
32785
40037
21948
49045
55828
14278
35880
54125
53973
60946
39194
30124
36446
23951
32147
48616
52889
53159
28297
2415
38599
20714
58783
25954
54880
37
41269
56575
47088
24090
45491
36594
4122
12758
55040
52460
13979
20438
23914
16766
43784
804
46019
25451
10633
64271
38659
59358
58603
58529
51359
36859
9140
24752
22109
36600
26955
60564
60140
58831
4950
57407
63512
52671
6708
38806
48238
38040
43568
43393
49358
59999
3626
7428
58604
26765
58366
30362
1646
15626
37687
19790
47960
8137
18452
39752
8248
42520
21332
59251
58135
19542
21388
41249
10208
10885
19091
62011
45091
52096
4477
64523
35019
28404
7112
60636
64266
37968
18214
56652
21640
54979
29843
39485
27665
16449
49682
52955
21975
33242
40459
49406
11000
14987
18050
35819
58877
16700
2937
31200
20256
62372
21696
32452
39457
57224
46289
36183
25119
53193
31774
26477
63739
51186
20184
61516
50416
51373
15030
61880
35608
11103
65337
42836
52831
58277
31043
27819
49770
16557
65254
14068
1870
44785
35489
26733
26613
8783
47493
20142
65529
61947
14020
47899
30924
6348
23769
35821
55137
40343
49464
20529
40371
54987
30549
2311
46188
53944
2950
12668
45837
18601
14666
60416
7804
34594
60414
27562
10488
7899
10348
20399
22906
59633
37323
52215
23994
10126
39315
45426
42904
8991
22355
63378
30426
57661
4339
33957
39249
36433
46145
2223
42903
27973
48442
44149
25190
43668
6338
45157
17801
11930
40516
25544
32981
30684
23505
55244
34465
